Iteration	CPUTime	PhysTime	Travels	Value	AvValue	MinValue	MaxValue	Delta	Criteria	Progress	dGMaxMin	CriteriaType	CriteriaVarType	CriteriaPercentage
1	1	0.0012	0.04	423.150066	423.150066	423.150066	423.150066	0	0	0	0	1.62247	0	0	3
2	1	0.0024	0.08	423.150137	423.150102	423.150066	423.150137	3.58613048e-05	0	0	0	1.62643	0	0	3
3	1	0.0036	0.12	423.150215	423.150139	423.150066	423.150215	7.35725215e-05	0	0	0	1.62174	0	0	3
4	1	0.0048	0.16	423.150299	423.150179	423.150066	423.150299	0.000113445758	0	0	0	1.62362	0	0	3
5	2	0.006	0.2	423.150373	423.150218	423.150066	423.150373	0.000152242703	0	0	0	1.62314	0	0	3
6	2	0.0072	0.24	423.150448	423.150256	423.150066	423.150448	0.000190605947	0	0	0	1.62571	0	0	3
7	2	0.0084	0.28	423.150526	423.150295	423.150066	423.150526	0.000229134553	0	0	0	1.62317	0	0	3
8	2	0.0096	0.32	423.150605	423.150334	423.150066	423.150605	0.000267946821	0	0	0	1.62656	0	0	3
9	3	0.0108	0.36	423.150684	423.150373	423.150066	423.150684	0.000306833942	0	0	0	1.61686	0	0	3
10	3	0.012	0.4	423.150759	423.150411	423.150066	423.150759	0.00034544704	0	0	0	1.63044	0	0	3
11	3	0.0132	0.44	423.150833	423.150449	423.150066	423.150833	0.000383775372	0	0	0	1.62421	0	0	3
12	4	0.0144	0.48	423.150907	423.150488	423.150066	423.150907	0.000421932369	0	0	0	1.62713	0	0	3
13	4	0.0156	0.52	423.150975	423.150525	423.150066	423.150975	0.000459405162	0	0	0	1.62416	0	0	3
14	4	0.0168	0.56	423.151046	423.150601	423.150137	423.151046	0.000498980951	0	0	0	1.6289	0	0	3
15	4	0.018	0.6	423.151119	423.150676	423.150215	423.151119	0.000536805604	0	0	0	1.62949	0	0	3
16	5	0.0192	0.64	423.151189	423.150751	423.150299	423.151189	0.000571910559	0	0	0	1.63051	0	0	3
17	5	0.0204	0.68	423.151257	423.150825	423.150373	423.151257	0.000606822714	0	0	0	1.6255	0	0	3
18	5	0.0216	0.72	423.151325	423.150898	423.150448	423.151325	0.000641664744	0	0	0	1.63172	0	0	3
19	5	0.0228	0.76	423.151396	423.150971	423.150526	423.151396	0.000676035675	0	0	0	1.63099	0	0	3
20	6	0.024	0.8	423.151462	423.151043	423.150605	423.151462	0.00070921993	0	0	0	1.63386	0	0	3
21	6	0.0252	0.84	423.151531	423.151114	423.150684	423.151531	0.000741559403	0	0	0	1.63285	0	0	3
22	6	0.0264	0.88	423.151597	423.151184	423.150759	423.151597	0.00077320154	0	0	0	1.6349	0	0	3
23	6	0.0276	0.92	423.151667	423.151254	423.150833	423.151667	0.000804718679	0	0	0	1.63503	0	0	3
24	6	0.0288	0.96	423.151731	423.151323	423.150907	423.151731	0.000823803182	0	0	0	1.63724	0	0	3
25	7	0.03	1	423.151801	423.151392	423.150975	423.151801	0.00082620368	0.000186985214	0	22.6	1.6405	0	0	3
26	7	0.0312	1.04	423.151865	423.15146	423.151046	423.151865	0.000818174073	0.000194479054	0	23.7	1.63952	0	0	3
27	7	0.0324	1.08	423.151935	423.151529	423.151119	423.151935	0.000815213067	0.000198607408	0	24.3	1.63735	0	0	3
28	7	0.0336	1.12	423.151997	423.151596	423.151189	423.151997	0.000807618047	0.000199133129	0	24.6	1.64162	0	0	3
29	8	0.0348	1.16	423.152067	423.151664	423.151257	423.152067	0.00080983417	0.000199261122	0	24.6	1.63796	0	0	3
30	8	0.036	1.2	423.152128	423.151731	423.151325	423.152128	0.000803600569	0.000199021775	0	24.7	1.64372	0	0	3
31	8	0.0372	1.24	423.152198	423.151798	423.151396	423.152198	0.000802296157	0.000198701675	0	24.7	1.63321	0	0	3
32	8	0.0384	1.28	423.152262	423.151865	423.151462	423.152262	0.000800021309	0.000198212754	0	24.7	1.64583	0	0	3
33	9	0.0396	1.32	423.152332	423.151932	423.151531	423.152332	0.000800406442	0.000197719411	0	24.7	1.64278	0	0	3
34	9	0.0408	1.36	423.152399	423.151998	423.151597	423.152399	0.000802021688	0.000197234219	0	24.5	1.64782	0	0	3
35	9	0.042	1.4	423.152469	423.152065	423.151667	423.152469	0.000802492245	0.000196799903	0	24.5	1.62646	0	0	3
36	9	0.0432	1.44	423.152537	423.152132	423.151731	423.152537	0.000806143328	0.000196375509	0	24.3	1.64792	0	0	3
37	10	0.0444	1.48	423.152608	423.1522	423.151801	423.152608	0.000806650092	0.000196050406	0	24.3	1.64642	0	0	3
38	10	0.0456	1.52	423.152679	423.152267	423.151865	423.152679	0.000806817719	0.000195770599	0	24.2	1.64869	0	0	3
39	10	0.0468	1.56	423.15275	423.152335	423.151935	423.15275	0.000806597203	0.000195515501	0	24.2	1.62595	0	0	3
40	10	0.048	1.6	423.152821	423.152404	423.151997	423.152821	0.00080730603	0.000195306403	0	24.1	1.6509	0	0	3
41	10	0.0492	1.64	423.152893	423.152473	423.152067	423.152893	0.000808760866	0.000195155264	0	24.1	1.64998	0	0	3
42	11	0.0504	1.68	423.152966	423.152542	423.152128	423.152966	0.000810889048	0.000195054744	0	24	1.64981	0	0	3
43	11	0.0516	1.72	423.153039	423.152612	423.152198	423.153039	0.000813748547	0.000194978289	0	23.9	1.62555	0	0	3
44	11	0.0528	1.76	423.153112	423.152682	423.152262	423.153112	0.000817447024	0.000194955341	0	23.8	1.65818	0	0	3
45	11	0.054	1.8	423.153186	423.152753	423.152332	423.153186	0.000821639422	0.000194961394	0	23.7	1.25854	0	0	3
46	12	0.0552	1.84	423.153261	423.152825	423.152399	423.153261	0.000826379045	0.00019501803	0	23.5	1.65826	0	0	3
47	12	0.0564	1.88	423.153336	423.152897	423.152469	423.153336	0.000831331333	0.000195095507	0	23.4	1.65212	0	0	3
48	12	0.0576	1.92	423.153411	423.152969	423.152537	423.153411	0.000836826961	0.00019522357	0	23.3	1.65309	0	0	3
49	12	0.0588	1.96	423.153487	423.153042	423.152608	423.153487	0.000842493701	0.000195372308	0	23.1	1.66283	0	0	3
50	13	0.06	2	423.153564	423.153116	423.152679	423.153564	0.00084851999	0.000195568981	0	23	1.66007	0	0	3
51	13	0.0612	2.04	423.153641	423.15319	423.15275	423.153641	0.000854410686	0.000195781782	0	22.9	1.66318	0	0	3
52	13	0.0624	2.08	423.153719	423.153264	423.152821	423.153719	0.000860715401	0.000196047149	0	22.7	1.66066	0	0	3
53	13	0.0636	2.12	423.153798	423.153339	423.152893	423.153798	0.000866866673	0.000196332414	0	22.6	1.65993	0	0	3
54	14	0.0648	2.16	423.153876	423.153415	423.152966	423.153876	0.000873293734	0.000196665714	0	22.5	1.66025	0	0	3
55	14	0.066	2.2	423.153956	423.153491	423.153039	423.153956	0.000879398033	0.000197016272	0	22.4	1.65902	0	0	3
56	14	0.0672	2.24	423.154036	423.153568	423.153112	423.154036	0.000885757345	0.000197405779	0	22.2	1.66298	0	0	3
57	14	0.0684	2.28	423.154117	423.153645	423.153186	423.154117	0.000891917089	0.000197812028	0	22.1	1.66185	0	0	3
58	15	0.0696	2.32	423.154196	423.153723	423.153261	423.154196	0.00089810477	0.000198236551	0	22	1.66115	0	0	3
59	15	0.0708	2.36	423.154277	423.153801	423.153336	423.154277	0.000904204733	0.000198673332	0	21.9	1.65667	0	0	3
60	15	0.072	2.4	423.154357	423.153879	423.153411	423.154357	0.000910307463	0.000199125399	0	21.8	1.66101	0	0	3
61	15	0.0732	2.44	423.15444	423.153959	423.153487	423.15444	0.000916356088	0.000199593956	0	21.7	1.65598	0	0	3
62	16	0.0744	2.48	423.154519	423.154038	423.153564	423.154519	0.00092215306	0.000200061987	0	21.6	1.65983	0	0	3
63	16	0.0756	2.52	423.1546	423.154118	423.153641	423.1546	0.000927885692	0.000200536687	0	21.6	1.65573	0	0	3
64	16	0.0768	2.56	423.154682	423.154198	423.153719	423.154682	0.000933437672	0.000201017051	0	21.5	1.65811	0	0	3
65	16	0.078	2.6	423.154763	423.154278	423.153798	423.154763	0.000938697482	0.000201502447	0	21.4	1.6545	0	0	3
66	17	0.0792	2.64	423.154843	423.154359	423.153876	423.154843	0.000943526719	0.000201984913	0	21.4	1.65725	0	0	3
67	17	0.0804	2.68	423.154917	423.154439	423.153956	423.154917	0.0009474807	0.000202447447	0	21.3	1.65171	0	0	3
68	17	0.0816	2.72	423.154989	423.154518	423.154036	423.154989	0.000950289893	0.0002028843	0	21.3	1.64975	0	0	3
69	17	0.0828	2.76	423.15506	423.154597	423.154117	423.15506	0.000943593943	0.000203293865	0	21.5	1.65507	0	0	3
70	18	0.084	2.8	423.155136	423.154675	423.154196	423.155136	0.000939654764	0.000203686721	0	21.6	1.65532	0	0	3
71	18	0.0852	2.84	423.155206	423.154753	423.154277	423.155206	0.000929333019	0.00020405234	0	21.9	1.65662	0	0	3
72	18	0.0864	2.88	423.15527	423.154829	423.154357	423.15527	0.000913114687	0.000204372801	0	22.3	1.65017	0	0	3
73	18	0.0876	2.92	423.155338	423.154905	423.15444	423.155338	0.000898472803	0.000204660727	0	22.7	1.65937	0	0	3
74	19	0.0888	2.96	423.155409	423.15498	423.154519	423.155409	0.000890540619	0.000204924083	0	23	1.65615	0	0	3
75	19	0.09	3	423.155474	423.155053	423.1546	423.155474	0.00087381348	0.000205147712	0	23.4	1.65804	0	0	3
76	19	0.0912	3.04	423.155542	423.155125	423.154682	423.155542	0.000860300164	0.000205339192	0	23.8	1.63196	0	0	3
77	19	0.0924	3.08	423.155605	423.155196	423.154763	423.155605	0.000841944057	0.00020548789	0	24.4	1.68013	0	0	3
78	20	0.0936	3.12	423.155673	423.155266	423.154843	423.155673	0.000829989659	0.000205607789	0	24.7	1.68849	0	0	3
79	20	0.0948	3.16	423.155736	423.155335	423.154917	423.155736	0.000818290841	0.000205685289	0	25.1	1.70428	0	0	3
80	20	0.096	3.2	423.155803	423.155403	423.154989	423.155803	0.000814064459	0.000205733535	0	25.2	1.71281	0	0	3
81	20	0.0972	3.24	423.155865	423.155471	423.15506	423.155865	0.000805149026	0.000205740701	0	25.5	1.72582	0	0	3
82	21	0.0984	3.28	423.155933	423.155538	423.155136	423.155933	0.000796927339	0.000205722467	0	25.8	1.73385	0	0	3
83	21	0.0996	3.32	423.155994	423.155604	423.155206	423.155994	0.000787550832	0.000205664827	0	26.1	1.74576	0	0	3
84	21	0.1008	3.36	423.15606	423.155669	423.15527	423.15606	0.000790199629	0.000205582032	0	26	1.75855	0	0	3
85	21	0.102	3.4	423.156121	423.155735	423.155338	423.156121	0.0007823122	0.000205457735	0	26.2	1.77004	0	0	3
86	22	0.1032	3.44	423.156189	423.1558	423.155409	423.156189	0.000779108715	0.000205315995	0	26.3	1.77268	0	0	3
87	22	0.1044	3.48	423.15625	423.155865	423.155474	423.15625	0.00077593681	0.000205140994	0	26.4	1.79293	0	0	3
88	22	0.1056	3.52	423.156319	423.15593	423.155542	423.156319	0.000777188791	0.000204948608	0	26.3	1.7982	0	0	3
89	23	0.1068	3.56	423.156382	423.155995	423.155605	423.156382	0.000776370323	0.000204726917	0	26.3	1.81579	0	0	3
90	23	0.108	3.6	423.156451	423.15606	423.155673	423.156451	0.000778120983	0.000204493544	0	26.2	1.82358	0	0	3
91	23	0.1092	3.64	423.156518	423.156125	423.155736	423.156518	0.000782400835	0.000204253992	0	26.1	1.82982	0	0	3
92	23	0.1104	3.68	423.156587	423.15619	423.155803	423.156587	0.000783406174	0.000204015924	0	26	1.84866	0	0	3
93	24	0.1116	3.72	423.156654	423.156256	423.155865	423.156654	0.000784870488	0.000203778485	0	25.9	1.84704	0	0	3
94	24	0.1128	3.76	423.156723	423.156322	423.155933	423.156723	0.000783750299	0.000203537199	0	25.9	1.86965	0	0	3
95	24	0.114	3.8	423.156792	423.156388	423.155994	423.156792	0.000783870312	0.000203300323	0	25.9	1.87343	0	0	3
96	24	0.1152	3.84	423.156864	423.156455	423.15606	423.156864	0.00078511127	0.000203083143	0	25.8	1.88349	0	0	3
97	25	0.1164	3.88	423.156936	423.156522	423.156121	423.156936	0.000787003575	0.000202877282	0	25.7	1.89172	0	0	3
98	25	0.1176	3.92	423.157008	423.15659	423.156189	423.157008	0.00078987831	0.000202679775	0	25.6	1.90715	0	0	3
99	25	0.1188	3.96	423.157081	423.156659	423.15625	423.157081	0.000793842561	0.000202500012	0	25.5	1.90793	0	0	3
100	25	0.12	4	423.157154	423.156728	423.156319	423.157154	0.000798370621	0.000202333545	0	25.3	1.91829	0	0	3
